Gemini AY2W84300JF
IR fx = 477.926
IR fy = 477.926
IR cx = 322.908
IR cy = 200.439
RGB fx = 453.522
RGB fy = 453.522
RGB cx = 324.408
RGB cy = 245.338
r00 = 0.99999
r01 = 0.00293038
r02 = 0.00323079
r10 = -0.00292299
r11 = 0.999993
r12 = -0.00229206
r20 = -0.00323749
r21 = 0.00228259
r22 = 0.999992
t1 = -9.86164
t2 = 0.0916355
t3 = -0.443493
k1 = 0
k2 = 0
p1 = 0
p2 = 0
k3 = 0
